0.538006	-0.0695603	0.251251	-0.0573563	0.275336
1.44867	0.803276	-0.680317	-1.68663	1.11216
-4.4084	-1.9433	2.19828	3.08201	-3.96808
-4.17335	-2.05101	1.71426	3.09869	-3.73741
4.43809	1.46715	-1.19783	-2.06519	4.10945
-0.977521	-4.66051	6.12485	2.62288	-2.58754
-0.263932	-2.03777	2.39594	1.35418	-0.951785
0.169266	1.77712	-2.22735	-2.49406	2.56162
1.02164	2.57277	-3.63168	-4.2134	4.20904
-0.826666	-4.26054	5.4717	2.18414	-1.9447
0.383099	0.448763	-0.375207	-1.93436	1.49743
-2.14735	-1.13849	0.689032
-2.81756	-5.39958	4.30067
1.97286	5.51139	-7.11139
4.15585	-5.85082	-4.65637
-4.47395	4.05114	1.79034
-1.45356	-3.58522	-0.555696
